[gd_scene load_steps=35 format=3 uid="uid://cc51tex2n5us0"]

[ext_resource type="PackedScene" uid="uid://r0mlur02hwy0" path="res://player.tscn" id="1_40dhk"]
[ext_resource type="PackedScene" uid="uid://dsw4q67msbm5n" path="res://Assets/Programmer-Art/Programmer-Models/Tree.tscn" id="1_fcnfc"]
[ext_resource type="PackedScene" uid="uid://ckxqki7lullkd" path="res://Assets/Programmer-Art/Programmer-Models/Column.tscn" id="2_had1o"]
[ext_resource type="PackedScene" uid="uid://chpwd8mofe76k" path="res://Assets/Programmer-Art/Programmer-Models/Fence.tscn" id="3_tsmpf"]
[ext_resource type="Script" path="res://Levels/Trigger-Next_Level.gd" id="5_ggr2w"]

[sub_resource type="GDScript" id="GDScript_4ldbf"]
script/source = "extends Node3D


# Called when the node enters the scene tree for the first time.
func _ready():
	pass # Replace with function body.


# Called every frame. 'delta' is the elapsed time since the previous frame.
func _process(delta):
	pass
"

[sub_resource type="StandardMaterial3D" id="StandardMaterial3D_dyarq"]
albedo_color = Color(0.219608, 0.529412, 0.333333, 1)

[sub_resource type="PlaneMesh" id="PlaneMesh_olvy5"]

[sub_resource type="StandardMaterial3D" id="StandardMaterial3D_ro27j"]

[sub_resource type="PlaneMesh" id="PlaneMesh_s3gr0"]

[sub_resource type="BoxMesh" id="BoxMesh_ghngm"]
lightmap_size_hint = Vector2i(14, 21)

[sub_resource type="BoxMesh" id="BoxMesh_efcfq"]

[sub_resource type="BoxShape3D" id="BoxShape3D_7lsvl"]

[sub_resource type="BoxMesh" id="BoxMesh_3rlhl"]

[sub_resource type="BoxShape3D" id="BoxShape3D_b4dkb"]

[sub_resource type="BoxShape3D" id="BoxShape3D_xdw02"]

[sub_resource type="BoxShape3D" id="BoxShape3D_8bhf3"]
size = Vector3(0.739624, 1, 1)

[sub_resource type="BoxShape3D" id="BoxShape3D_21v0n"]
size = Vector3(0.874207, 1, 1)

[sub_resource type="BoxShape3D" id="BoxShape3D_s2u3g"]
size = Vector3(1.56255, 1, 1)

[sub_resource type="BoxShape3D" id="BoxShape3D_3hd62"]
size = Vector3(0.742687, 1, 1)

[sub_resource type="CylinderMesh" id="CylinderMesh_ho5xc"]

[sub_resource type="BoxMesh" id="BoxMesh_y3ydo"]

[sub_resource type="BoxShape3D" id="BoxShape3D_ap0i2"]

[sub_resource type="CylinderMesh" id="CylinderMesh_rbo7g"]

[sub_resource type="CylinderShape3D" id="CylinderShape3D_vmnp1"]

[sub_resource type="TorusMesh" id="TorusMesh_fmgbv"]

[sub_resource type="SphereMesh" id="SphereMesh_xi3k2"]

[sub_resource type="BoxMesh" id="BoxMesh_4vthf"]

[sub_resource type="BoxShape3D" id="BoxShape3D_pj3wc"]

[sub_resource type="CylinderMesh" id="CylinderMesh_s1oqi"]

[sub_resource type="BoxMesh" id="BoxMesh_hyvu2"]

[sub_resource type="BoxShape3D" id="BoxShape3D_mitfc"]
size = Vector3(20.1136, 3.80957, 1)

[sub_resource type="BoxShape3D" id="BoxShape3D_bvsb4"]
size = Vector3(2.28516, 3.47998, 3.03847)

[sub_resource type="Environment" id="Environment_ams4r"]

[node name="Level01Gates" type="Node3D"]
script = SubResource("GDScript_4ldbf")

[node name="Environment" type="Node3D" parent="."]

[node name="Ground" type="MeshInstance3D" parent="Environment"]
transform = Transform3D(58.2422, 0, 0.215822, 0, 0.987891, 0, -0.203304, 0, 61.8283, 12.3876, 0, -5.55111)
material_override = SubResource("StandardMaterial3D_dyarq")
mesh = SubResource("PlaneMesh_olvy5")
surface_material_override/0 = SubResource("StandardMaterial3D_ro27j")

[node name="Trees" type="Node3D" parent="Environment"]

[node name="Tree" parent="Environment/Trees" instance=ExtResource("1_fcnfc")]
transform = Transform3D(1, 0, 0, 0, 1, 0, 0, 0, 1, -5, 0, -7)

[node name="Tree2" parent="Environment/Trees" instance=ExtResource("1_fcnfc")]
transform = Transform3D(1, 0, 0, 0, 1, 0, 0, 0, 1, -7.86109, 0, -5.69951)

[node name="Tree3" parent="Environment/Trees" instance=ExtResource("1_fcnfc")]
transform = Transform3D(1, 0, 0, 0, 1, 0, 0, 0, 1, -10.7222, 0, -4.45103)

[node name="Tree4" parent="Environment/Trees" instance=ExtResource("1_fcnfc")]
transform = Transform3D(1, 0, 0, 0, 1, 0, 0, 0, 1, -13.4272, 0, -3.09852)

[node name="Tree27" parent="Environment/Trees" instance=ExtResource("1_fcnfc")]
transform = Transform3D(0.978166, 0, 0.207826, 0, 1, 0, -0.207826, 0, 0.978166, -16.2098, 0, -1.19514)

[node name="Tree28" parent="Environment/Trees" instance=ExtResource("1_fcnfc")]
transform = Transform3D(0.978166, 0, 0.207826, 0, 1, 0, -0.207826, 0, 0.978166, -18.7381, 0, 0.671568)

[node name="Tree29" parent="Environment/Trees" instance=ExtResource("1_fcnfc")]
transform = Transform3D(0.978166, 0, 0.207826, 0, 1, 0, -0.207826, 0, 0.978166, -21.2773, 0, 2.4874)

[node name="Tree30" parent="Environment/Trees" instance=ExtResource("1_fcnfc")]
transform = Transform3D(0.978166, 0, 0.207826, 0, 1, 0, -0.207826, 0, 0.978166, -23.6422, 0, 4.37255)

[node name="Tree31" parent="Environment/Trees" instance=ExtResource("1_fcnfc")]
transform = Transform3D(0.999806, 0, 0.019686, 0, 1, 0, -0.019686, 0, 0.999806, -4.93617, 0, 18.9038)

[node name="Tree32" parent="Environment/Trees" instance=ExtResource("1_fcnfc")]
transform = Transform3D(0.999806, 0, 0.019686, 0, 1, 0, -0.019686, 0, 0.999806, -7.7711, 0, 20.2604)

[node name="Tree33" parent="Environment/Trees" instance=ExtResource("1_fcnfc")]
transform = Transform3D(0.999806, 0, 0.019686, 0, 1, 0, -0.019686, 0, 0.999806, -10.6071, 0, 21.565)

[node name="Tree34" parent="Environment/Trees" instance=ExtResource("1_fcnfc")]
transform = Transform3D(0.999806, 0, 0.019686, 0, 1, 0, -0.019686, 0, 0.999806, -13.2849, 0, 22.9705)

[node name="Tree35" parent="Environment/Trees" instance=ExtResource("1_fcnfc")]
transform = Transform3D(0.823305, 0, 0.5676, 0, 1, 0, -0.5676, 0, 0.823305, -15.6902, 0, 24.3809)

[node name="Tree36" parent="Environment/Trees" instance=ExtResource("1_fcnfc")]
transform = Transform3D(0.823305, 0, 0.5676, 0, 1, 0, -0.5676, 0, 0.823305, -17.3076, 0, 27.0755)

[node name="Tree37" parent="Environment/Trees" instance=ExtResource("1_fcnfc")]
transform = Transform3D(0.823305, 0, 0.5676, 0, 1, 0, -0.5676, 0, 0.823305, -18.9545, 0, 29.7274)

[node name="Tree38" parent="Environment/Trees" instance=ExtResource("1_fcnfc")]
transform = Transform3D(0.823305, 0, 0.5676, 0, 1, 0, -0.5676, 0, 0.823305, -20.4139, 0, 32.3762)

[node name="Tree39" parent="Environment/Trees" instance=ExtResource("1_fcnfc")]
transform = Transform3D(0.852786, 0, 0.52226, 0, 1, 0, -0.52226, 0, 0.852786, -25.8862, 0, 6.95184)

[node name="Tree40" parent="Environment/Trees" instance=ExtResource("1_fcnfc")]
transform = Transform3D(0.852786, 0, 0.52226, 0, 1, 0, -0.52226, 0, 0.852786, -27.6469, 0, 9.55511)

[node name="Tree41" parent="Environment/Trees" instance=ExtResource("1_fcnfc")]
transform = Transform3D(0.852786, 0, 0.52226, 0, 1, 0, -0.52226, 0, 0.852786, -29.4348, 0, 12.114)

[node name="Tree42" parent="Environment/Trees" instance=ExtResource("1_fcnfc")]
transform = Transform3D(0.852786, 0, 0.52226, 0, 1, 0, -0.52226, 0, 0.852786, -31.0352, 0, 14.6802)

[node name="Tree43" parent="Environment/Trees" instance=ExtResource("1_fcnfc")]
transform = Transform3D(0.829983, 0, 0.557789, 0, 1, 0, -0.557789, 0, 0.829983, -32.9896, -1.90735e-06, 17.3299)

[node name="Tree44" parent="Environment/Trees" instance=ExtResource("1_fcnfc")]
transform = Transform3D(0.829983, 0, 0.557789, 0, 1, 0, -0.557789, 0, 0.829983, -34.6389, -1.90735e-06, 20.0052)

[node name="Tree45" parent="Environment/Trees" instance=ExtResource("1_fcnfc")]
transform = Transform3D(0.829983, 0, 0.557789, 0, 1, 0, -0.557789, 0, 0.829983, -36.3172, -1.90735e-06, 22.6373)

[node name="Tree46" parent="Environment/Trees" instance=ExtResource("1_fcnfc")]
transform = Transform3D(0.829983, 0, 0.557789, 0, 1, 0, -0.557789, 0, 0.829983, -37.8078, -1.90735e-06, 25.2687)

[node name="Tree47" parent="Environment/Trees" instance=ExtResource("1_fcnfc")]
transform = Transform3D(0.323835, 0, 0.946114, 0, 1, 0, -0.946114, 0, 0.323835, -38.199, -1.90735e-06, 28.5133)

[node name="Tree48" parent="Environment/Trees" instance=ExtResource("1_fcnfc")]
transform = Transform3D(0.323835, 0, 0.946114, 0, 1, 0, -0.946114, 0, 0.323835, -37.8951, -1.90735e-06, 31.6414)

[node name="Tree49" parent="Environment/Trees" instance=ExtResource("1_fcnfc")]
transform = Transform3D(0.323835, 0, 0.946114, 0, 1, 0, -0.946114, 0, 0.323835, -37.6404, -1.90735e-06, 34.7526)

[node name="Tree50" parent="Environment/Trees" instance=ExtResource("1_fcnfc")]
transform = Transform3D(0.323835, 0, 0.946114, 0, 1, 0, -0.946114, 0, 0.323835, -36.6797, -1.90735e-06, 37.3248)

[node name="Tree51" parent="Environment/Trees" instance=ExtResource("1_fcnfc")]
transform = Transform3D(0.0223559, 0, 0.99975, 0, 1, 0, -0.99975, 0, 0.0223559, -35.7158, 0, 40.0776)

[node name="Tree52" parent="Environment/Trees" instance=ExtResource("1_fcnfc")]
transform = Transform3D(-0.0198604, 0, 0.999803, 0, 1, 0, -0.999803, 0, -0.0198604, -34.5454, -1.90735e-06, 43.1551)

[node name="Tree53" parent="Environment/Trees" instance=ExtResource("1_fcnfc")]
transform = Transform3D(-0.0198604, 0, 0.999803, 0, 1, 0, -0.999803, 0, -0.0198604, -33.1883, -1.90735e-06, 45.9898)

[node name="Tree54" parent="Environment/Trees" instance=ExtResource("1_fcnfc")]
transform = Transform3D(-0.0198604, 0, 0.999803, 0, 1, 0, -0.999803, 0, -0.0198604, -31.8833, -1.90735e-06, 48.8255)

[node name="Tree55" parent="Environment/Trees" instance=ExtResource("1_fcnfc")]
transform = Transform3D(-0.0198604, 0, 0.999803, 0, 1, 0, -0.999803, 0, -0.0198604, -30.4773, -1.90735e-06, 51.5031)

[node name="Tree56" parent="Environment/Trees" instance=ExtResource("1_fcnfc")]
transform = Transform3D(-0.620327, 0, 0.784344, 0, 1, 0, -0.784344, 0, -0.620327, -27.9605, -1.90735e-06, 53.588)

[node name="Tree57" parent="Environment/Trees" instance=ExtResource("1_fcnfc")]
transform = Transform3D(-0.620327, 0, 0.784344, 0, 1, 0, -0.784344, 0, -0.620327, -25.1657, -1.90735e-06, 55.0254)

[node name="Tree58" parent="Environment/Trees" instance=ExtResource("1_fcnfc")]
transform = Transform3D(-0.620327, 0, 0.784344, 0, 1, 0, -0.784344, 0, -0.620327, -22.4116, -1.90735e-06, 56.495)

[node name="Tree5" parent="Environment/Trees" instance=ExtResource("1_fcnfc")]
transform = Transform3D(1, 0, 0, 0, 1, 0, 0, 0, 1, -1.72275, 0, 17.7094)

[node name="Tree6" parent="Environment/Trees" instance=ExtResource("1_fcnfc")]
transform = Transform3D(1, 0, 0, 0, 1, 0, 0, 0, 1, 1.8146, 0, 17.1372)

[node name="Tree7" parent="Environment/Trees" instance=ExtResource("1_fcnfc")]
transform = Transform3D(1, 0, 0, 0, 1, 0, 0, 0, 1, 1.8146, 0, 17.1372)

[node name="Tree8" parent="Environment/Trees" instance=ExtResource("1_fcnfc")]
transform = Transform3D(1, 0, 0, 0, 1, 0, 0, 0, 1, 5.82013, 0, 17.6054)

[node name="Tree9" parent="Environment/Trees" instance=ExtResource("1_fcnfc")]
transform = Transform3D(1, 0, 0, 0, 1, 0, 0, 0, 1, 10.2938, 0, 18.7498)

[node name="Tree10" parent="Environment/Trees" instance=ExtResource("1_fcnfc")]
transform = Transform3D(1, 0, 0, 0, 1, 0, 0, 0, 1, 14.0913, 0, 18.9579)

[node name="Tree11" parent="Environment/Trees" instance=ExtResource("1_fcnfc")]
transform = Transform3D(1, 0, 0, 0, 1, 0, 0, 0, 1, 17.8887, 0, 19.9463)

[node name="Tree12" parent="Environment/Trees" instance=ExtResource("1_fcnfc")]
transform = Transform3D(1, 0, 0, 0, 1, 0, 0, 0, 1, 21.6862, 0, 21.5069)

[node name="Tree13" parent="Environment/Trees" instance=ExtResource("1_fcnfc")]
transform = Transform3D(1, 0, 0, 0, 1, 0, 0, 0, 1, 25.6917, 0, 21.7808)

[node name="Tree14" parent="Environment/Trees" instance=ExtResource("1_fcnfc")]
transform = Transform3D(1, 0, 0, 0, 1, 0, 0, 0, 1, 29.125, 0, 20.9939)

[node name="Tree15" parent="Environment/Trees" instance=ExtResource("1_fcnfc")]
transform = Transform3D(1, 0, 0, 0, 1, 0, 0, 0, 1, 32.5063, 0, 19.8776)

[node name="Tree16" parent="Environment/Trees" instance=ExtResource("1_fcnfc")]
transform = Transform3D(1, 0, 0, 0, 1, 0, 0, 0, 1, 36.1997, 0, 17.9954)

[node name="Tree17" parent="Environment/Trees" instance=ExtResource("1_fcnfc")]
transform = Transform3D(1, 0, 0, 0, 1, 0, 0, 0, 1, 39.1128, 0, 15.9928)

[node name="Tree18" parent="Environment/Trees" instance=ExtResource("1_fcnfc")]
transform = Transform3D(1, 0, 0, 0, 1, 0, 0, 0, 1, 42.286, 0, 14.4842)

[node name="Tree19" parent="Environment/Trees" instance=ExtResource("1_fcnfc")]
transform = Transform3D(1, 0, 0, 0, 1, 0, 0, 0, 1, 44.939, 0, 11.9352)

[node name="Tree20" parent="Environment/Trees" instance=ExtResource("1_fcnfc")]
transform = Transform3D(1, 0, 0, 0, 1, 0, 0, 0, 1, 47.3319, 0, 9.23018)

[node name="Tree21" parent="Environment/Trees" instance=ExtResource("1_fcnfc")]
transform = Transform3D(1, 0, 0, 0, 1, 0, 0, 0, 1, 49.4127, 0, 6.47313)

[node name="Tree22" parent="Environment/Trees" instance=ExtResource("1_fcnfc")]
transform = Transform3D(1, 0, 0, 0, 1, 0, 0, 0, 1, 50.9213, 0, 3.19588)

[node name="Tree23" parent="Environment/Trees" instance=ExtResource("1_fcnfc")]
transform = Transform3D(1, 0, 0, 0, 1, 0, 0, 0, 1, 51.5455, 0, 0.074692)

[node name="Tree24" parent="Environment/Trees" instance=ExtResource("1_fcnfc")]
transform = Transform3D(1, 0, 0, 0, 1, 0, 0, 0, 1, 50.5051, 0, -3.30659)

[node name="Tree25" parent="Environment/Trees" instance=ExtResource("1_fcnfc")]
transform = Transform3D(1, 0, 0, 0, 1, 0, 0, 0, 1, 49.0486, 0, -6.01163)

[node name="Tree26" parent="Environment/Trees" instance=ExtResource("1_fcnfc")]
transform = Transform3D(1, 0, 0, 0, 1, 0, 0, 0, 1, 46.9678, 0, -8.3005)

[node name="Walls" type="Node3D" parent="Environment"]

[node name="Column" parent="Environment/Walls" instance=ExtResource("2_had1o")]
transform = Transform3D(0.478186, 0, -0.878259, 0, 1, 0, 0.878259, 0, 0.478186, -2.70947, 0, -8.25927)

[node name="Fence" parent="Environment/Walls/Column" instance=ExtResource("3_tsmpf")]
transform = Transform3D(1, 0, 0, 0, 1, 0, 0, 0, 1, 1.5, 0, 0)

[node name="Column2" parent="Environment/Walls" instance=ExtResource("2_had1o")]
transform = Transform3D(0.643509, 0, -0.765438, 0, 1, 0, 0.765438, 0, 0.643509, -1.20153, 0, -5.50564)

[node name="Fence" parent="Environment/Walls/Column2" instance=ExtResource("3_tsmpf")]
transform = Transform3D(1, 0, 0, 0, 1, 0, 0, 0, 1, 1.5, 0, 0)

[node name="Column3" parent="Environment/Walls" instance=ExtResource("2_had1o")]
transform = Transform3D(0.778199, 0, -0.628017, 0, 1, 0, 0.628017, 0, 0.778199, 0.634228, 0, -3.27651)

[node name="Fence" parent="Environment/Walls/Column3" instance=ExtResource("3_tsmpf")]
transform = Transform3D(1, 0, 0, 0, 1, 0, 0, 0, 1, 1.5, 0, 0)

[node name="Column19" parent="Environment/Walls" instance=ExtResource("2_had1o")]
transform = Transform3D(0.225053, 0, -0.974347, 0, 1, 0, 0.974347, 0, 0.225053, -6.42488, 0, -16.444)

[node name="Fence" parent="Environment/Walls/Column19" instance=ExtResource("3_tsmpf")]
transform = Transform3D(1, 0, 0, 0, 1, 0, 0, 0, 1, 1.5, 0, 0)

[node name="Column20" parent="Environment/Walls" instance=ExtResource("2_had1o")]
transform = Transform3D(0.414582, 0, -0.910012, 0, 1, 0, 0.910012, 0, 0.414582, -5.71092, 0, -13.3868)

[node name="Fence" parent="Environment/Walls/Column20" instance=ExtResource("3_tsmpf")]
transform = Transform3D(1, 0, 0, 0, 1, 0, 0, 0, 1, 1.5, 0, 0)

[node name="Column21" parent="Environment/Walls" instance=ExtResource("2_had1o")]
transform = Transform3D(0.5812, 0, -0.81376, 0, 1, 0, 0.81376, 0, 0.5812, -4.54044, 0, -10.7469)

[node name="Fence" parent="Environment/Walls/Column21" instance=ExtResource("3_tsmpf")]
transform = Transform3D(1, 0, 0, 0, 1, 0, 0, 0, 1, 1.5, 0, 0)

[node name="Column22" parent="Environment/Walls" instance=ExtResource("2_had1o")]
transform = Transform3D(0.320447, 0, -0.947267, 0, 1, 0, 0.947267, 0, 0.320447, -9.98744, 0, -24.3436)

[node name="Fence" parent="Environment/Walls/Column22" instance=ExtResource("3_tsmpf")]
transform = Transform3D(1, 0, 0, 0, 1, 0, 0, 0, 1, 1.5, 0, 0)

[node name="Column23" parent="Environment/Walls" instance=ExtResource("2_had1o")]
transform = Transform3D(0.43314, 0, -0.901326, 0, 1, 0, 0.901326, 0, 0.43314, -9.21098, 0, -21.4486)

[node name="Fence" parent="Environment/Walls/Column23" instance=ExtResource("3_tsmpf")]
transform = Transform3D(1, 0, 0, 0, 1, 0, 0, 0, 1, 1.5, 0, 0)

[node name="Column24" parent="Environment/Walls" instance=ExtResource("2_had1o")]
transform = Transform3D(0.597751, 0, -0.801681, 0, 1, 0, 0.801681, 0, 0.597751, -7.98667, 0, -18.8332)

[node name="Fence" parent="Environment/Walls/Column24" instance=ExtResource("3_tsmpf")]
transform = Transform3D(1, 0, 0, 0, 1, 0, 0, 0, 1, 1.5, 0, 0)

[node name="Column25" parent="Environment/Walls" instance=ExtResource("2_had1o")]
transform = Transform3D(0.552577, 0, -0.833462, 0, 1, 0, 0.833462, 0, 0.552577, -14.204, 0, -31.6047)

[node name="Fence" parent="Environment/Walls/Column25" instance=ExtResource("3_tsmpf")]
transform = Transform3D(1, 0, 0, 0, 1, 0, 0, 0, 1, 1.5, 0, 0)

[node name="Column26" parent="Environment/Walls" instance=ExtResource("2_had1o")]
transform = Transform3D(0.568648, 0, -0.822581, 0, 1, 0, 0.822581, 0, 0.568648, -12.677, 0, -29.4606)

[node name="Fence" parent="Environment/Walls/Column26" instance=ExtResource("3_tsmpf")]
transform = Transform3D(1, 0, 0, 0, 1, 0, 0, 0, 1, 1.5, 0, 0)

[node name="Column27" parent="Environment/Walls" instance=ExtResource("2_had1o")]
transform = Transform3D(0.360778, 0, -0.932651, 0, 1, 0, 0.932651, 0, 0.360778, -11.0737, 0, -27.1884)

[node name="Fence" parent="Environment/Walls/Column27" instance=ExtResource("3_tsmpf")]
transform = Transform3D(1, 0, 0, 0, 1, 0, 0, 0, 1, 1.5, 0, 0)

[node name="Column28" parent="Environment/Walls" instance=ExtResource("2_had1o")]
transform = Transform3D(0.587121, 0, -0.809499, 0, 1, 0, 0.809499, 0, 0.587121, -18.5992, 0, -38.9266)

[node name="Fence" parent="Environment/Walls/Column28" instance=ExtResource("3_tsmpf")]
transform = Transform3D(1, 0, 0, 0, 1, 0, 0, 0, 1, 1.5, 0, 0)

[node name="Column29" parent="Environment/Walls" instance=ExtResource("2_had1o")]
transform = Transform3D(0.465969, 0, -0.8848, 0, 1, 0, 0.8848, 0, 0.465969, -16.9192, 0, -36.4945)

[node name="Fence" parent="Environment/Walls/Column29" instance=ExtResource("3_tsmpf")]
transform = Transform3D(1, 0, 0, 0, 1, 0, 0, 0, 1, 1.5, 0, 0)

[node name="Column30" parent="Environment/Walls" instance=ExtResource("2_had1o")]
transform = Transform3D(0.458401, 0, -0.888745, 0, 1, 0, 0.888745, 0, 0.458401, -15.5211, 0, -33.9783)

[node name="Fence" parent="Environment/Walls/Column30" instance=ExtResource("3_tsmpf")]
transform = Transform3D(1, 0, 0, 0, 1, 0, 0, 0, 1, 1.5, 0, 0)

[node name="Column31" parent="Environment/Walls" instance=ExtResource("2_had1o")]
transform = Transform3D(0.418041, 0, -0.908428, 0, 1, 0, 0.908428, 0, 0.418041, -23.6478, 0, -46.1619)

[node name="Fence" parent="Environment/Walls/Column31" instance=ExtResource("3_tsmpf")]
transform = Transform3D(1, 0, 0, 0, 1, 0, 0, 0, 1, 1.5, 0, 0)

[node name="Column32" parent="Environment/Walls" instance=ExtResource("2_had1o")]
transform = Transform3D(0.590577, 0, -0.806981, 0, 1, 0, 0.806981, 0, 0.590577, -22.3284, 0, -43.3131)

[node name="Fence" parent="Environment/Walls/Column32" instance=ExtResource("3_tsmpf")]
transform = Transform3D(1, 0, 0, 0, 1, 0, 0, 0, 1, 1.5, 0, 0)

[node name="Column33" parent="Environment/Walls" instance=ExtResource("2_had1o")]
transform = Transform3D(0.734204, 0, -0.678928, 0, 1, 0, 0.678928, 0, 0.734204, -20.6467, 0, -40.9656)

[node name="Fence" parent="Environment/Walls/Column33" instance=ExtResource("3_tsmpf")]
transform = Transform3D(1, 0, 0, 0, 1, 0, 0, 0, 1, 1.5, 0, 0)

[node name="Column34" parent="Environment/Walls" instance=ExtResource("2_had1o")]
transform = Transform3D(0.436566, 0, -0.899673, 0, 1, 0, 0.899673, 0, 0.436566, -28.7687, 0, -53.3183)

[node name="Fence" parent="Environment/Walls/Column34" instance=ExtResource("3_tsmpf")]
transform = Transform3D(1, 0, 0, 0, 1, 0, 0, 0, 1, 1.5, 0, 0)

[node name="Column35" parent="Environment/Walls" instance=ExtResource("2_had1o")]
transform = Transform3D(0.606987, 0, -0.794711, 0, 1, 0, 0.794711, 0, 0.606987, -27.3912, 0, -50.4972)

[node name="Fence" parent="Environment/Walls/Column35" instance=ExtResource("3_tsmpf")]
transform = Transform3D(1, 0, 0, 0, 1, 0, 0, 0, 1, 1.5, 0, 0)

[node name="Column36" parent="Environment/Walls" instance=ExtResource("2_had1o")]
transform = Transform3D(0.74796, 0, -0.663743, 0, 1, 0, 0.663743, 0, 0.74796, -25.6618, 0, -48.1846)

[node name="Fence" parent="Environment/Walls/Column36" instance=ExtResource("3_tsmpf")]
transform = Transform3D(1, 0, 0, 0, 1, 0, 0, 0, 1, 1.5, 0, 0)

[node name="Column37" parent="Environment/Walls" instance=ExtResource("2_had1o")]
transform = Transform3D(0.179214, 0, -0.98381, 0, 1, 0, 0.98381, 0, 0.179214, -32.097, 0, -61.668)

[node name="Fence" parent="Environment/Walls/Column37" instance=ExtResource("3_tsmpf")]
transform = Transform3D(1, 0, 0, 0, 1, 0, 0, 0, 1, 1.5, 0, 0)

[node name="Column38" parent="Environment/Walls" instance=ExtResource("2_had1o")]
transform = Transform3D(0.371546, 0, -0.928414, 0, 1, 0, 0.928414, 0, 0.371546, -31.5269, 0, -58.5807)

[node name="Fence" parent="Environment/Walls/Column38" instance=ExtResource("3_tsmpf")]
transform = Transform3D(1, 0, 0, 0, 1, 0, 0, 0, 1, 1.5, 0, 0)

[node name="Column39" parent="Environment/Walls" instance=ExtResource("2_had1o")]
transform = Transform3D(0.542485, 0, -0.840065, 0, 1, 0, 0.840065, 0, 0.542485, -30.4812, 0, -55.8889)

[node name="Fence" parent="Environment/Walls/Column39" instance=ExtResource("3_tsmpf")]
transform = Transform3D(1, 0, 0, 0, 1, 0, 0, 0, 1, 1.5, 0, 0)

[node name="Column4" parent="Environment/Walls" instance=ExtResource("2_had1o")]
transform = Transform3D(0.778199, 0, -0.628017, 0, 1, 0, 0.628017, 0, 0.778199, 2.91891, 0, -1.48772)

[node name="Column18" parent="Environment/Walls" instance=ExtResource("2_had1o")]
transform = Transform3D(0.778199, 0, -0.628017, 0, 1, 0, 0.628017, 0, 0.778199, 39.8932, 0, -4.00578)

[node name="Column5" parent="Environment/Walls" instance=ExtResource("2_had1o")]
transform = Transform3D(0.882414, 0, -0.470473, 0, 1, 0, 0.470473, 0, 0.882414, 8.99564, 0, 2.30723)

[node name="Fence" parent="Environment/Walls/Column5" instance=ExtResource("3_tsmpf")]
transform = Transform3D(1, 0, 0, 0, 1, 0, 0, 0, 1, 1.5, 0, 0)

[node name="Column6" parent="Environment/Walls" instance=ExtResource("2_had1o")]
transform = Transform3D(0.999679, 0, -0.0253395, 0, 1, 0, 0.0253395, 0, 0.999679, 11.6772, 0, 3.49491)

[node name="Fence" parent="Environment/Walls/Column6" instance=ExtResource("3_tsmpf")]
transform = Transform3D(1, 0, 0, 0, 1, 0, 0, 0, 1, 1.5, 0, 0)

[node name="Column17" parent="Environment/Walls" instance=ExtResource("2_had1o")]
transform = Transform3D(0.999838, 0, 0.0179759, 0, 1, 0, -0.0179759, 0, 0.999838, 14.6409, 0, 3.49491)

[node name="Fence" parent="Environment/Walls/Column17" instance=ExtResource("3_tsmpf")]
transform = Transform3D(1, 0, 0, 0, 1, 0, 0, 0, 1, 1.5, 0, 0)

[node name="Column7" parent="Environment/Walls" instance=ExtResource("2_had1o")]
transform = Transform3D(0.996846, 0, 0.0793638, 0, 1, 0, -0.0793638, 0, 0.996846, 17.5977, 0, 3.30778)

[node name="Fence" parent="Environment/Walls/Column7" instance=ExtResource("3_tsmpf")]
transform = Transform3D(1, 0, 0, 0, 1, 0, 0, 0, 1, 1.5, 0, 0)

[node name="Column8" parent="Environment/Walls" instance=ExtResource("2_had1o")]
transform = Transform3D(0.995951, 0, 0.0899025, 0, 1, 0, -0.0899025, 0, 0.995951, 20.6535, 0, 3.04729)

[node name="Fence" parent="Environment/Walls/Column8" instance=ExtResource("3_tsmpf")]
transform = Transform3D(1, 0, 0, 0, 1, 0, 0, 0, 1, 1.5, 0, 0)

[node name="Column9" parent="Environment/Walls" instance=ExtResource("2_had1o")]
transform = Transform3D(0.985091, 0, 0.172032, 0, 1, 0, -0.172032, 0, 0.985091, 23.8037, 0, 2.68517)

[node name="Fence" parent="Environment/Walls/Column9" instance=ExtResource("3_tsmpf")]
transform = Transform3D(1, 0, 0, 0, 1, 0, 0, 0, 1, 1.5, 0, 0)

[node name="Column10" parent="Environment/Walls" instance=ExtResource("2_had1o")]
transform = Transform3D(0.969123, 0, 0.246576, 0, 1, 0, -0.246576, 0, 0.969123, 26.7956, 0, 2.15118)

[node name="Fence" parent="Environment/Walls/Column10" instance=ExtResource("3_tsmpf")]
transform = Transform3D(1, 0, 0, 0, 1, 0, 0, 0, 1, 1.5, 0, 0)

[node name="Column11" parent="Environment/Walls" instance=ExtResource("2_had1o")]
transform = Transform3D(0.977153, 0, 0.212536, 0, 1, 0, -0.212536, 0, 0.977153, 29.6999, 0, 1.41047)

[node name="Fence" parent="Environment/Walls/Column11" instance=ExtResource("3_tsmpf")]
transform = Transform3D(1, 0, 0, 0, 1, 0, 0, 0, 1, 1.5, 0, 0)

[node name="Column40" parent="Environment/Walls" instance=ExtResource("2_had1o")]
transform = Transform3D(0.521203, 0, 0.853432, 0, 1, 0, -0.853432, 0, 0.521203, 45.5664, 0, -11.9673)

[node name="Fence" parent="Environment/Walls/Column40" instance=ExtResource("3_tsmpf")]
transform = Transform3D(1, 0, 0, 0, 1, 0, 0, 0, 1, 1.5, 0, 0)

[node name="Column41" parent="Environment/Walls" instance=ExtResource("2_had1o")]
transform = Transform3D(0.467791, 0, 0.883839, 0, 1, 0, -0.883839, 0, 0.467791, 46.9947, 0, -14.563)

[node name="Fence" parent="Environment/Walls/Column41" instance=ExtResource("3_tsmpf")]
transform = Transform3D(1, 0, 0, 0, 1, 0, 0, 0, 1, 1.5, 0, 0)

[node name="Column42" parent="Environment/Walls" instance=ExtResource("2_had1o")]
transform = Transform3D(0.458417, 0, 0.888738, 0, 1, 0, -0.888738, 0, 0.458417, 48.4142, 0, -17.2816)

[node name="Fence" parent="Environment/Walls/Column42" instance=ExtResource("3_tsmpf")]
transform = Transform3D(1, 0, 0, 0, 1, 0, 0, 0, 1, 1.5, 0, 0)

[node name="Column43" parent="Environment/Walls" instance=ExtResource("2_had1o")]
transform = Transform3D(0.38328, 0, 0.923632, 0, 1, 0, -0.923632, 0, 0.38328, 49.7985, 0, -20.1344)

[node name="Fence" parent="Environment/Walls/Column43" instance=ExtResource("3_tsmpf")]
transform = Transform3D(1, 0, 0, 0, 1, 0, 0, 0, 1, 1.5, 0, 0)

[node name="Column44" parent="Environment/Walls" instance=ExtResource("2_had1o")]
transform = Transform3D(0.311804, 0, 0.950146, 0, 1, 0, -0.950146, 0, 0.311804, 50.9529, 0, -22.9458)

[node name="Fence" parent="Environment/Walls/Column44" instance=ExtResource("3_tsmpf")]
transform = Transform3D(1, 0, 0, 0, 1, 0, 0, 0, 1, 1.5, 0, 0)

[node name="Column45" parent="Environment/Walls" instance=ExtResource("2_had1o")]
transform = Transform3D(0.344839, 0, 0.938662, 0, 1, 0, -0.938662, 0, 0.344839, 51.8859, 0, -25.7942)

[node name="Fence" parent="Environment/Walls/Column45" instance=ExtResource("3_tsmpf")]
transform = Transform3D(1, 0, 0, 0, 1, 0, 0, 0, 1, 1.5, 0, 0)

[node name="Column46" parent="Environment/Walls" instance=ExtResource("2_had1o")]
transform = Transform3D(0.41655, 0, 0.909112, 0, 1, 0, -0.909112, 0, 0.41655, 52.9023, 0, -28.4553)

[node name="Fence" parent="Environment/Walls/Column46" instance=ExtResource("3_tsmpf")]
transform = Transform3D(1, 0, 0, 0, 1, 0, 0, 0, 1, 1.5, 0, 0)

[node name="Column47" parent="Environment/Walls" instance=ExtResource("2_had1o")]
transform = Transform3D(0.359915, 0, 0.932985, 0, 1, 0, -0.932985, 0, 0.359915, 54.0134, 0, -31.2018)

[node name="Fence" parent="Environment/Walls/Column47" instance=ExtResource("3_tsmpf")]
transform = Transform3D(1, 0, 0, 0, 1, 0, 0, 0, 1, 1.5, 0, 0)

[node name="Column48" parent="Environment/Walls" instance=ExtResource("2_had1o")]
transform = Transform3D(0.350028, 0, 0.93674, 0, 1, 0, -0.93674, 0, 0.350028, 55.1012, 0, -34.0693)

[node name="Fence" parent="Environment/Walls/Column48" instance=ExtResource("3_tsmpf")]
transform = Transform3D(1, 0, 0, 0, 1, 0, 0, 0, 1, 1.5, 0, 0)

[node name="Column49" parent="Environment/Walls" instance=ExtResource("2_had1o")]
transform = Transform3D(0.271289, 0, 0.962498, 0, 1, 0, -0.962498, 0, 0.271289, 56.1383, 0, -37.0659)

[node name="Fence" parent="Environment/Walls/Column49" instance=ExtResource("3_tsmpf")]
transform = Transform3D(1, 0, 0, 0, 1, 0, 0, 0, 1, 1.5, 0, 0)

[node name="Column50" parent="Environment/Walls" instance=ExtResource("2_had1o")]
transform = Transform3D(0.197178, 0, 0.980367, 0, 1, 0, -0.980367, 0, 0.197178, 56.9518, 0, -39.9941)

[node name="Fence" parent="Environment/Walls/Column50" instance=ExtResource("3_tsmpf")]
transform = Transform3D(1, 0, 0, 0, 1, 0, 0, 0, 1, 1.5, 0, 0)

[node name="Column51" parent="Environment/Walls" instance=ExtResource("2_had1o")]
transform = Transform3D(0.23134, 0, 0.972873, 0, 1, 0, -0.972873, 0, 0.23134, 57.5412, 0, -42.9329)

[node name="Fence" parent="Environment/Walls/Column51" instance=ExtResource("3_tsmpf")]
transform = Transform3D(1, 0, 0, 0, 1, 0, 0, 0, 1, 1.5, 0, 0)

[node name="Column52" parent="Environment/Walls" instance=ExtResource("2_had1o")]
transform = Transform3D(0.188855, 0, 0.982005, 0, 1, 0, -0.982005, 0, 0.188855, 58.1198, 0, -45.6617)

[node name="Fence" parent="Environment/Walls/Column52" instance=ExtResource("3_tsmpf")]
transform = Transform3D(1, 0, 0, 0, 1, 0, 0, 0, 1, 1.5, 0, 0)

[node name="Column53" parent="Environment/Walls" instance=ExtResource("2_had1o")]
transform = Transform3D(0.128173, 0, 0.991752, 0, 1, 0, -0.991752, 0, 0.128173, 58.5472, 0, -48.5934)

[node name="Fence" parent="Environment/Walls/Column53" instance=ExtResource("3_tsmpf")]
transform = Transform3D(1, 0, 0, 0, 1, 0, 0, 0, 1, 1.5, 0, 0)

[node name="Column54" parent="Environment/Walls" instance=ExtResource("2_had1o")]
transform = Transform3D(0.117676, 0, 0.993052, 0, 1, 0, -0.993052, 0, 0.117676, 58.9233, 0, -51.6372)

[node name="Fence" parent="Environment/Walls/Column54" instance=ExtResource("3_tsmpf")]
transform = Transform3D(1, 0, 0, 0, 1, 0, 0, 0, 1, 1.5, 0, 0)

[node name="Column55" parent="Environment/Walls" instance=ExtResource("2_had1o")]
transform = Transform3D(0.0350741, 0, 0.999384, 0, 1, 0, -0.999384, 0, 0.0350741, 59.2194, 0, -54.7942)

[node name="Fence" parent="Environment/Walls/Column55" instance=ExtResource("3_tsmpf")]
transform = Transform3D(1, 0, 0, 0, 1, 0, 0, 0, 1, 1.5, 0, 0)

[node name="Column56" parent="Environment/Walls" instance=ExtResource("2_had1o")]
transform = Transform3D(-0.0411606, 0, 0.999152, 0, 1, 0, -0.999152, 0, -0.0411606, 59.3147, 0, -57.8319)

[node name="Fence" parent="Environment/Walls/Column56" instance=ExtResource("3_tsmpf")]
transform = Transform3D(1, 0, 0, 0, 1, 0, 0, 0, 1, 1.5, 0, 0)

[node name="Column57" parent="Environment/Walls" instance=ExtResource("2_had1o")]
transform = Transform3D(-0.00619613, 0, 0.999981, 0, 1, 0, -0.999981, 0, -0.00619613, 59.1896, 0, -60.8266)

[node name="Fence" parent="Environment/Walls/Column57" instance=ExtResource("3_tsmpf")]
transform = Transform3D(1, 0, 0, 0, 1, 0, 0, 0, 1, 1.5, 0, 0)

[node name="Column12" parent="Environment/Walls" instance=ExtResource("2_had1o")]
transform = Transform3D(0.915255, 0, 0.402875, 0, 1, 0, -0.402875, 0, 0.915255, 32.766, 0, 0.735778)

[node name="Fence" parent="Environment/Walls/Column12" instance=ExtResource("3_tsmpf")]
transform = Transform3D(1, 0, 0, 0, 1, 0, 0, 0, 1, 1.5, 0, 0)

[node name="Column13" parent="Environment/Walls" instance=ExtResource("2_had1o")]
transform = Transform3D(0.821149, 0, 0.570714, 0, 1, 0, -0.570714, 0, 0.821149, 35.4207, 0, -0.400735)

[node name="Fence" parent="Environment/Walls/Column13" instance=ExtResource("3_tsmpf")]
transform = Transform3D(1, 0, 0, 0, 1, 0, 0, 0, 1, 1.5, 0, 0)

[node name="Column14" parent="Environment/Walls" instance=ExtResource("2_had1o")]
transform = Transform3D(0.749314, 0, 0.662215, 0, 1, 0, -0.662215, 0, 0.749314, 37.6969, 0, -2.09765)

[node name="Fence" parent="Environment/Walls/Column14" instance=ExtResource("3_tsmpf")]
transform = Transform3D(1, 0, 0, 0, 1, 0, 0, 0, 1, 1.5, 0, 0)

[node name="Column15" parent="Environment/Walls" instance=ExtResource("2_had1o")]
transform = Transform3D(0.602428, 0, 0.798173, 0, 1, 0, -0.798173, 0, 0.602428, 42.514, 0, -6.94117)

[node name="Fence" parent="Environment/Walls/Column15" instance=ExtResource("3_tsmpf")]
transform = Transform3D(1, 0, 0, 0, 1, 0, 0, 0, 1, 1.5, 0, 0)

[node name="Column16" parent="Environment/Walls" instance=ExtResource("2_had1o")]
transform = Transform3D(0.438403, 0, 0.898779, 0, 1, 0, -0.898779, 0, 0.438403, 44.2769, 0, -9.22831)

[node name="Fence" parent="Environment/Walls/Column16" instance=ExtResource("3_tsmpf")]
transform = Transform3D(1, 0, 0, 0, 1, 0, 0, 0, 1, 1.5, 0, 0)

[node name="Paths" type="Node3D" parent="Environment"]
transform = Transform3D(0.9996, 0, 0, 0, 0.9996, 0, 0, 0, 0.9996, 0, 0.01, 0)

[node name="Path" type="MeshInstance3D" parent="Environment/Paths"]
transform = Transform3D(9.6072, 0, 2.30603, 0, 1, 0, -4.11467, 0, 5.38427, -8.79591, 0, 11.1349)
cast_shadow = 0
mesh = SubResource("PlaneMesh_s3gr0")

[node name="Path19" type="MeshInstance3D" parent="Environment/Paths"]
transform = Transform3D(7.27134, 0, 4.20729, 0, 1, 0, -7.5071, 0, 4.07516, -23.5899, 0, 21.3093)
cast_shadow = 0
mesh = SubResource("PlaneMesh_s3gr0")

[node name="Path20" type="MeshInstance3D" parent="Environment/Paths"]
transform = Transform3D(-0.434686, 0, 5.7465, 0, 1, 0, -7.38198, 0, -0.338382, -28.8786, 0, 31.6373)
cast_shadow = 0
mesh = SubResource("PlaneMesh_s3gr0")

[node name="Path21" type="MeshInstance3D" parent="Environment/Paths"]
transform = Transform3D(-6.23599, 0, 4.70041, 0, 1, 0, -8.38698, 0, -3.49491, -23.1758, 0, 43.9935)
cast_shadow = 0
mesh = SubResource("PlaneMesh_s3gr0")

[node name="Path3" type="MeshInstance3D" parent="Environment/Paths"]
transform = Transform3D(6.29822, 0, -1.18631, 0, 1, 0, 1.88117, 0, 3.9718, 11.4519, 0, 9.12797)
cast_shadow = 0
mesh = SubResource("PlaneMesh_s3gr0")

[node name="Path4" type="MeshInstance3D" parent="Environment/Paths"]
transform = Transform3D(8.72984, 0, 0.308, 0, 1, 0, -1.05704, 0, 2.54368, 25.4559, 0, 8.36979)
cast_shadow = 0
mesh = SubResource("PlaneMesh_s3gr0")

[node name="Path5" type="MeshInstance3D" parent="Environment/Paths"]
transform = Transform3D(4.95315, 0, 1.28177, 0, 1, 0, -3.01133, 0, 2.1083, 37.7206, 0, 4.93568)
cast_shadow = 0
mesh = SubResource("PlaneMesh_s3gr0")

[node name="Path13" type="MeshInstance3D" parent="Environment/Paths"]
transform = Transform3D(0.958644, 0, 1.85518, 0, 1, 0, -2.91487, 0, 0.610133, 43.093, 0, 0.521941)
cast_shadow = 0
mesh = SubResource("PlaneMesh_s3gr0")

[node name="Path14" type="MeshInstance3D" parent="Environment/Paths"]
transform = Transform3D(-3.2079, 0, 1.29216, 0, 1, 0, -4.14457, 0, -1.00014, 41.3951, 0, -4.99572)
cast_shadow = 0
mesh = SubResource("PlaneMesh_s3gr0")

[node name="Path15" type="MeshInstance3D" parent="Environment/Paths"]
transform = Transform3D(4.93398, 0, 2.12093, 0, 1, 0, -7.27896, 0, 1.43765, 44.0586, 0, -28.6281)
cast_shadow = 0
mesh = SubResource("PlaneMesh_s3gr0")

[node name="Path16" type="MeshInstance3D" parent="Environment/Paths"]
transform = Transform3D(0.980375, 0, 2.43182, 0, 1, 0, -5.71321, 0, 0.417294, 49.5202, 0, -40.134)
cast_shadow = 0
mesh = SubResource("PlaneMesh_s3gr0")

[node name="Path17" type="MeshInstance3D" parent="Environment/Paths"]
transform = Transform3D(-1.56934, 0, 1.67819, 0, 1, 0, -2.63678, 0, -0.998817, 49.718, 0, -47.0842)
cast_shadow = 0
mesh = SubResource("PlaneMesh_s3gr0")

[node name="Path18" type="MeshInstance3D" parent="Environment/Paths"]
transform = Transform3D(-3.45044, 0, 0.0939264, 0, 1, 0, -0.198653, 0, -1.63145, 46.2606, 0, -49.3784)
cast_shadow = 0
mesh = SubResource("PlaneMesh_s3gr0")

[node name="Path6" type="MeshInstance3D" parent="Environment/Paths"]
transform = Transform3D(3.82282, 0, -0.938708, 0, 1, 0, 1.92268, 0, 1.86641, 20.5055, 0, 14.6136)
cast_shadow = 0
mesh = SubResource("PlaneMesh_s3gr0")

[node name="Path7" type="MeshInstance3D" parent="Environment/Paths"]
transform = Transform3D(1.39915, 0, 0.130664, 0, 1, 0, -0.26513, 0, 0.689541, 25.7272, 0, 14.6136)
cast_shadow = 0
mesh = SubResource("PlaneMesh_s3gr0")

[node name="Path8" type="MeshInstance3D" parent="Environment/Paths"]
transform = Transform3D(1.32957, 0, -0.251369, 0, 1, 0, 0.510054, 0, 0.65525, 28.0901, 0, 14.8037)
cast_shadow = 0
mesh = SubResource("PlaneMesh_s3gr0")

[node name="Path9" type="MeshInstance3D" parent="Environment/Paths"]
transform = Transform3D(0.637851, 0, -0.627473, 0, 1, 0, 1.2732, 0, 0.314352, 29.8012, 0, 16.2432)
cast_shadow = 0
mesh = SubResource("PlaneMesh_s3gr0")

[node name="Path10" type="MeshInstance3D" parent="Environment/Paths"]
transform = Transform3D(-1.45583, 0, -0.379065, 0, 1, 0, 1.33542, 0, -0.413242, 29.2867, 0, 18.2525)
cast_shadow = 0
mesh = SubResource("PlaneMesh_s3gr0")

[node name="Path11" type="MeshInstance3D" parent="Environment/Paths"]
transform = Transform3D(-1.42403, 0, 0.00309888, 0, 1, 0, -0.00628841, 0, -0.701805, 26.6492, 0, 19.2174)
cast_shadow = 0
mesh = SubResource("PlaneMesh_s3gr0")

[node name="Path12" type="MeshInstance3D" parent="Environment/Paths"]
transform = Transform3D(-1.04731, 0, 0.475535, 0, 1, 0, -0.964908, 0, -0.516145, 24.5392, 0, 18.477)
cast_shadow = 0
mesh = SubResource("PlaneMesh_s3gr0")

[node name="Path2" type="MeshInstance3D" parent="Environment/Paths"]
transform = Transform3D(7.26452, 0, 4.21099, 0, 1, 0, -7.5137, 0, 4.07133, 6.10006, 0, 0.87721)
cast_shadow = 0
mesh = SubResource("PlaneMesh_s3gr0")

[node name="driveway circle" type="Node3D" parent="Environment/Paths"]
transform = Transform3D(2.2427, 0, 0.0593539, 0, 1, 0, -0.0593539, 0, 2.2427, 29.4148, 0, -14.6845)

[node name="Path15" type="MeshInstance3D" parent="Environment/Paths/driveway circle"]
transform = Transform3D(3.3095, 0, 1.2406, 0, 1, 0, -1.73819, 0, 2.3621, -5.13434, 0, 2.62907)
cast_shadow = 0
mesh = SubResource("PlaneMesh_s3gr0")
skeleton = NodePath("../..")

[node name="Path16" type="MeshInstance3D" parent="Environment/Paths/driveway circle"]
transform = Transform3D(0.850267, 0, 0.974473, 0, 1, 0, -1.37482, 0, 0.60267, -3.65877, 0, -0.998047)
cast_shadow = 0
mesh = SubResource("PlaneMesh_s3gr0")
skeleton = NodePath("../..")

[node name="Path17" type="MeshInstance3D" parent="Environment/Paths/driveway circle"]
transform = Transform3D(1.81571, 0, 0.565206, 0, 1, 0, -0.994032, 0, 1.03241, -1.37602, 0, -2.95169)
cast_shadow = 0
mesh = SubResource("PlaneMesh_s3gr0")
skeleton = NodePath("../..")

[node name="Path18" type="MeshInstance3D" parent="Environment/Paths/driveway circle"]
transform = Transform3D(2.25612, 0, -0.0498159, 0, 1, 0, 0.114132, 0, 0.984741, 2.11773, 0, -3.87834)
cast_shadow = 0
mesh = SubResource("PlaneMesh_s3gr0")
skeleton = NodePath("../..")

[node name="Path22" type="MeshInstance3D" parent="Environment/Paths/driveway circle"]
transform = Transform3D(0.725447, 0, -0.718315, 0, 1, 0, 0.771497, 0, 0.67544, 4.34505, 0, -3.35515)
cast_shadow = 0
mesh = SubResource("PlaneMesh_s3gr0")
skeleton = NodePath("../..")

[node name="Path19" type="MeshInstance3D" parent="Environment/Paths/driveway circle"]
transform = Transform3D(0.00254155, 0, -1.21671, 0, 1, 0, 2.2408, 0, 0.00138059, 4.55083, 0, -1.08149)
cast_shadow = 0
mesh = SubResource("PlaneMesh_s3gr0")
skeleton = NodePath("../..")

[node name="Path20" type="MeshInstance3D" parent="Environment/Paths/driveway circle"]
transform = Transform3D(-1.83314, 0, -0.647819, 0, 1, 0, 1.36245, 0, -0.871623, 3.25333, 0, 1.68036)
cast_shadow = 0
mesh = SubResource("PlaneMesh_s3gr0")
skeleton = NodePath("../..")

[node name="Path21" type="MeshInstance3D" parent="Environment/Paths/driveway circle"]
transform = Transform3D(-2.25371, 0, -0.0757523, 0, 1, 0, 0.192418, 0, -0.88725, -0.31452, 0, 3.21251)
cast_shadow = 0
mesh = SubResource("PlaneMesh_s3gr0")
skeleton = NodePath("../..")

[node name="Big House" type="Node3D" parent="Environment"]

[node name="Cube_MainHouse" type="MeshInstance3D" parent="Environment/Big House"]
transform = Transform3D(33.8761, 0, -3.84091, 0, 11, 0, 5.74006, 0, 22.6679, 25.3265, 5.5, -44.6813)
mesh = SubResource("BoxMesh_ghngm")

[node name="Cube_Roof" type="MeshInstance3D" parent="Environment/Big House"]
transform = Transform3D(35.2789, 0.0191757, -4.50563, 0, 1.56578, 1.98402, 5.96699, -0.113374, 26.6389, 25.3265, 10.6216, -44.6813)
mesh = SubResource("BoxMesh_ghngm")

[node name="Small Shed" type="Node3D" parent="Environment"]
