[gd_scene load_steps=16 format=3 uid="uid://cjdvh3cf0c1xm"]

[ext_resource type="PackedScene" uid="uid://r0mlur02hwy0" path="res://Entities/Player/player.tscn" id="1_lmu8m"]
[ext_resource type="Script" path="res://Levels/Moving_Objects.gd" id="2_qcgvd"]
[ext_resource type="PackedScene" uid="uid://dsw4q67msbm5n" path="res://Assets/Programmer-Art/Programmer-Models/Tree.tscn" id="2_r30b6"]
[ext_resource type="Script" path="res://Levels/Trigger-Next_Level.gd" id="3_pnof4"]

[sub_resource type="StandardMaterial3D" id="StandardMaterial3D_sa2q8"]
albedo_color = Color(0.219608, 0.529412, 0.333333, 1)

[sub_resource type="PlaneMesh" id="PlaneMesh_fil3c"]

[sub_resource type="StandardMaterial3D" id="StandardMaterial3D_5e0da"]

[sub_resource type="PlaneMesh" id="PlaneMesh_cseso"]

[sub_resource type="BoxShape3D" id="BoxShape3D_nn1l4"]
size = Vector3(7.38568, 5.42236, 10.9484)

[sub_resource type="BoxMesh" id="BoxMesh_s3231"]

[sub_resource type="BoxShape3D" id="BoxShape3D_rk2dt"]

[sub_resource type="BoxShape3D" id="BoxShape3D_3xecl"]

[sub_resource type="BoxShape3D" id="BoxShape3D_61ei0"]

[sub_resource type="BoxShape3D" id="BoxShape3D_cvca6"]

[sub_resource type="Environment" id="Environment_fkhxg"]
fog_enabled = true
fog_light_color = Color(0.141176, 0.352941, 0.466667, 1)

[node name="Level00Car" type="Node3D"]

[node name="Player" parent="." instance=ExtResource("1_lmu8m")]

[node name="Ground" type="MeshInstance3D" parent="."]
transform = Transform3D(58.2422, 0, 0.215822, 0, 0.987891, 0, -0.203304, 0, 61.8283, 12.3876, -0.572155, -5.55111)
material_override = SubResource("StandardMaterial3D_sa2q8")
mesh = SubResource("PlaneMesh_fil3c")
surface_material_override/0 = SubResource("StandardMaterial3D_5e0da")

[node name="Moving Objects" type="Node3D" parent="."]
transform = Transform3D(1, 0, 0, 0, 1, 0, 0, 0, 1, 0, -1.18321, 0)
script = ExtResource("2_qcgvd")

[node name="Trees" type="Node3D" parent="Moving Objects"]
transform = Transform3D(1, 0, 0, 0, 1, 0, 0, 0, 1, 0, 0.534771, 0)

[node name="Tree" parent="Moving Objects/Trees" instance=ExtResource("2_r30b6")]
transform = Transform3D(0.422365, 0, 0.906426, 0, 1, 0, -0.906426, 0, 0.422365, -13.5369, 0, -11.2951)

[node name="Tree2" parent="Moving Objects/Trees" instance=ExtResource("2_r30b6")]
transform = Transform3D(0.422365, 0, 0.906426, 0, 1, 0, -0.906426, 0, 0.422365, -14.0107, 0, -8.15244)

[node name="Tree3" parent="Moving Objects/Trees" instance=ExtResource("2_r30b6")]
transform = Transform3D(0.422365, 0, 0.906426, 0, 1, 0, -0.906426, 0, 0.422365, -13.6433, 0, -5.03174)

[node name="Tree4" parent="Moving Objects/Trees" instance=ExtResource("2_r30b6")]
transform = Transform3D(0.422365, 0, 0.906426, 0, 1, 0, -0.906426, 0, 0.422365, -14.004, 0, -2.0086)

[node name="Tree27" parent="Moving Objects/Trees" instance=ExtResource("2_r30b6")]
transform = Transform3D(0.224764, 0, 0.974413, 0, 1, 0, -0.974413, 0, 0.224764, -13.3837, 0, 1.31754)

[node name="Tree28" parent="Moving Objects/Trees" instance=ExtResource("2_r30b6")]
transform = Transform3D(0.224764, 0, 0.974413, 0, 1, 0, -0.974413, 0, 0.224764, -13.3458, 0, 4.39769)

[node name="Tree5" parent="Moving Objects/Trees" instance=ExtResource("2_r30b6")]
transform = Transform3D(0.422365, 0, 0.906426, 0, 1, 0, -0.906426, 0, 0.422365, 7.93211, 0, -11.2951)

[node name="Tree6" parent="Moving Objects/Trees" instance=ExtResource("2_r30b6")]
transform = Transform3D(0.422365, 0, 0.906426, 0, 1, 0, -0.906426, 0, 0.422365, 7.45828, 0, -8.15244)

[node name="Tree7" parent="Moving Objects/Trees" instance=ExtResource("2_r30b6")]
transform = Transform3D(0.422365, 0, 0.906426, 0, 1, 0, -0.906426, 0, 0.422365, 7.8257, 0, -5.03174)

[node name="Tree8" parent="Moving Objects/Trees" instance=ExtResource("2_r30b6")]
transform = Transform3D(0.422365, 0, 0.906426, 0, 1, 0, -0.906426, 0, 0.422365, 8.0913, 0, -2.0086)

[node name="Tree29" parent="Moving Objects/Trees" instance=ExtResource("2_r30b6")]
transform = Transform3D(0.224764, 0, 0.974413, 0, 1, 0, -0.974413, 0, 0.224764, 8.08526, 0, 1.31754)

[node name="Tree30" parent="Moving Objects/Trees" instance=ExtResource("2_r30b6")]
transform = Transform3D(0.224764, 0, 0.974413, 0, 1, 0, -0.974413, 0, 0.224764, 8.1232, 0, 4.39769)

[node name="Tree9" parent="Moving Objects/Trees" instance=ExtResource("2_r30b6")]
transform = Transform3D(0.422365, 0, 0.906426, 0, 1, 0, -0.906426, 0, 0.422365, -12.617, 0, -30.4516)

[node name="Tree10" parent="Moving Objects/Trees" instance=ExtResource("2_r30b6")]
transform = Transform3D(0.422365, 0, 0.906426, 0, 1, 0, -0.906426, 0, 0.422365, -12.8288, 0, -27.309)

[node name="Tree11" parent="Moving Objects/Trees" instance=ExtResource("2_r30b6")]
transform = Transform3D(0.422365, 0, 0.906426, 0, 1, 0, -0.906426, 0, 0.422365, -13.3497, 0, -24.1883)

[node name="Tree12" parent="Moving Objects/Trees" instance=ExtResource("2_r30b6")]
transform = Transform3D(0.422365, 0, 0.906426, 0, 1, 0, -0.906426, 0, 0.422365, -12.6399, 0, -21.1651)

[node name="Tree31" parent="Moving Objects/Trees" instance=ExtResource("2_r30b6")]
transform = Transform3D(0.224764, 0, 0.974413, 0, 1, 0, -0.974413, 0, 0.224764, -12.646, 0, -17.839)

[node name="Tree32" parent="Moving Objects/Trees" instance=ExtResource("2_r30b6")]
transform = Transform3D(0.224764, 0, 0.974413, 0, 1, 0, -0.974413, 0, 0.224764, -13.0522, 0, -14.7589)

[node name="Tree13" parent="Moving Objects/Trees" instance=ExtResource("2_r30b6")]
transform = Transform3D(0.422365, 0, 0.906426, 0, 1, 0, -0.906426, 0, 0.422365, 8.66984, 0, -30.4516)

[node name="Tree14" parent="Moving Objects/Trees" instance=ExtResource("2_r30b6")]
transform = Transform3D(0.422365, 0, 0.906426, 0, 1, 0, -0.906426, 0, 0.422365, 8.64021, 0, -27.309)

[node name="Tree15" parent="Moving Objects/Trees" instance=ExtResource("2_r30b6")]
transform = Transform3D(0.422365, 0, 0.906426, 0, 1, 0, -0.906426, 0, 0.422365, 8.56343, 0, -24.1883)

[node name="Tree16" parent="Moving Objects/Trees" instance=ExtResource("2_r30b6")]
transform = Transform3D(0.422365, 0, 0.906426, 0, 1, 0, -0.906426, 0, 0.422365, 8.20268, 0, -21.1651)

[node name="Tree33" parent="Moving Objects/Trees" instance=ExtResource("2_r30b6")]
transform = Transform3D(0.224764, 0, 0.974413, 0, 1, 0, -0.974413, 0, 0.224764, 8.82299, 0, -17.839)

[node name="Tree34" parent="Moving Objects/Trees" instance=ExtResource("2_r30b6")]
transform = Transform3D(0.224764, 0, 0.974413, 0, 1, 0, -0.974413, 0, 0.224764, 9.04308, 0, -14.7589)

[node name="Tree17" parent="Moving Objects/Trees" instance=ExtResource("2_r30b6")]
transform = Transform3D(0.422365, 0, 0.906426, 0, 1, 0, -0.906426, 0, 0.422365, -13.9888, 0, -49.3232)

[node name="Tree18" parent="Moving Objects/Trees" instance=ExtResource("2_r30b6")]
transform = Transform3D(0.422365, 0, 0.906426, 0, 1, 0, -0.906426, 0, 0.422365, -14.0184, 0, -46.1806)

[node name="Tree19" parent="Moving Objects/Trees" instance=ExtResource("2_r30b6")]
transform = Transform3D(0.422365, 0, 0.906426, 0, 1, 0, -0.906426, 0, 0.422365, -14.5394, 0, -43.0599)

[node name="Tree20" parent="Moving Objects/Trees" instance=ExtResource("2_r30b6")]
transform = Transform3D(0.422365, 0, 0.906426, 0, 1, 0, -0.906426, 0, 0.422365, -13.8296, 0, -40.0367)

[node name="Tree35" parent="Moving Objects/Trees" instance=ExtResource("2_r30b6")]
transform = Transform3D(0.224764, 0, 0.974413, 0, 1, 0, -0.974413, 0, 0.224764, -13.8356, 0, -36.7106)

[node name="Tree36" parent="Moving Objects/Trees" instance=ExtResource("2_r30b6")]
transform = Transform3D(0.224764, 0, 0.974413, 0, 1, 0, -0.974413, 0, 0.224764, -13.7977, 0, -33.6304)

[node name="Tree21" parent="Moving Objects/Trees" instance=ExtResource("2_r30b6")]
transform = Transform3D(0.422365, 0, 0.906426, 0, 1, 0, -0.906426, 0, 0.422365, 7.48021, 0, -49.3232)

[node name="Tree22" parent="Moving Objects/Trees" instance=ExtResource("2_r30b6")]
transform = Transform3D(0.422365, 0, 0.906426, 0, 1, 0, -0.906426, 0, 0.422365, 7.63274, 0, -46.1806)

[node name="Tree23" parent="Moving Objects/Trees" instance=ExtResource("2_r30b6")]
transform = Transform3D(0.422365, 0, 0.906426, 0, 1, 0, -0.906426, 0, 0.422365, 7.37381, 0, -43.0599)

[node name="Tree24" parent="Moving Objects/Trees" instance=ExtResource("2_r30b6")]
transform = Transform3D(0.422365, 0, 0.906426, 0, 1, 0, -0.906426, 0, 0.422365, 7.45726, 0, -40.0367)

[node name="Tree37" parent="Moving Objects/Trees" instance=ExtResource("2_r30b6")]
transform = Transform3D(0.224764, 0, 0.974413, 0, 1, 0, -0.974413, 0, 0.224764, 7.63337, 0, -36.7106)

[node name="Tree38" parent="Moving Objects/Trees" instance=ExtResource("2_r30b6")]
transform = Transform3D(0.224764, 0, 0.974413, 0, 1, 0, -0.974413, 0, 0.224764, 7.67131, 0, -33.6304)

[node name="Tree25" parent="Moving Objects/Trees" instance=ExtResource("2_r30b6")]
transform = Transform3D(0.422365, 0, 0.906426, 0, 1, 0, -0.906426, 0, 0.422365, -13.5369, 0, -67.8007)

[node name="Tree26" parent="Moving Objects/Trees" instance=ExtResource("2_r30b6")]
transform = Transform3D(0.422365, 0, 0.906426, 0, 1, 0, -0.906426, 0, 0.422365, -14.0107, 0, -64.658)

[node name="Tree39" parent="Moving Objects/Trees" instance=ExtResource("2_r30b6")]
transform = Transform3D(0.422365, 0, 0.906426, 0, 1, 0, -0.906426, 0, 0.422365, -13.6433, 0, -61.5373)

[node name="Tree40" parent="Moving Objects/Trees" instance=ExtResource("2_r30b6")]
transform = Transform3D(0.422365, 0, 0.906426, 0, 1, 0, -0.906426, 0, 0.422365, -14.004, 0, -58.5142)

[node name="Tree41" parent="Moving Objects/Trees" instance=ExtResource("2_r30b6")]
transform = Transform3D(0.224764, 0, 0.974413, 0, 1, 0, -0.974413, 0, 0.224764, -13.3837, 0, -55.188)

[node name="Tree42" parent="Moving Objects/Trees" instance=ExtResource("2_r30b6")]
transform = Transform3D(0.224764, 0, 0.974413, 0, 1, 0, -0.974413, 0, 0.224764, -13.3458, 0, -52.1079)

[node name="Tree43" parent="Moving Objects/Trees" instance=ExtResource("2_r30b6")]
transform = Transform3D(0.422365, 0, 0.906426, 0, 1, 0, -0.906426, 0, 0.422365, 7.93211, 0, -67.8007)

[node name="Tree44" parent="Moving Objects/Trees" instance=ExtResource("2_r30b6")]
transform = Transform3D(0.422365, 0, 0.906426, 0, 1, 0, -0.906426, 0, 0.422365, 7.45828, 0, -64.658)

[node name="Tree45" parent="Moving Objects/Trees" instance=ExtResource("2_r30b6")]
transform = Transform3D(0.422365, 0, 0.906426, 0, 1, 0, -0.906426, 0, 0.422365, 7.8257, 0, -61.5373)

[node name="Tree46" parent="Moving Objects/Trees" instance=ExtResource("2_r30b6")]
transform = Transform3D(0.422365, 0, 0.906426, 0, 1, 0, -0.906426, 0, 0.422365, 8.0913, 0, -58.5142)

[node name="Tree47" parent="Moving Objects/Trees" instance=ExtResource("2_r30b6")]
transform = Transform3D(0.224764, 0, 0.974413, 0, 1, 0, -0.974413, 0, 0.224764, 8.08526, 0, -55.188)

[node name="Tree48" parent="Moving Objects/Trees" instance=ExtResource("2_r30b6")]
transform = Transform3D(0.224764, 0, 0.974413, 0, 1, 0, -0.974413, 0, 0.224764, 8.1232, 0, -52.1079)

[node name="Right Road" type="Node3D" parent="Moving Objects"]
transform = Transform3D(0.9996, 0, 0, 0, 0.9996, 0, 0, 0, 0.9996, 0, 0.679844, 0)

[node name="Path" type="MeshInstance3D" parent="Moving Objects/Right Road"]
transform = Transform3D(3.47238, 0, 0.338131, 0, 1, 0, -0.183864, 0, 6.38581, 0.866125, 0, 0.114968)
cast_shadow = 0
mesh = SubResource("PlaneMesh_cseso")

[node name="Path2" type="MeshInstance3D" parent="Moving Objects/Right Road"]
transform = Transform3D(3.47706, 0, -0.0650672, 0, 1, 0, 0.0353812, 0, 6.39443, 0.632324, 0, -12.4165)
cast_shadow = 0
mesh = SubResource("PlaneMesh_cseso")

[node name="Path3" type="MeshInstance3D" parent="Moving Objects/Right Road"]
transform = Transform3D(3.47272, 0, 0.326205, 0, 1, 0, -0.177379, 0, 6.38644, 0.535403, 0, -23.8675)
cast_shadow = 0
mesh = SubResource("PlaneMesh_cseso")

[node name="Path4" type="MeshInstance3D" parent="Moving Objects/Right Road"]
transform = Transform3D(3.47238, 0, 0.338131, 0, 1, 0, -0.183864, 0, 6.38581, -0.061133, 0, -36.2367)
cast_shadow = 0
mesh = SubResource("PlaneMesh_cseso")

[node name="Path5" type="MeshInstance3D" parent="Moving Objects/Right Road"]
transform = Transform3D(3.47706, 0, -0.0650672, 0, 1, 0, 0.0353812, 0, 6.39443, -0.294934, 0, -48.7681)
cast_shadow = 0
mesh = SubResource("PlaneMesh_cseso")

[node name="Path6" type="MeshInstance3D" parent="Moving Objects/Right Road"]
transform = Transform3D(3.45792, 0, 0.353424, 0, 1, 0, -0.176623, 0, 6.91933, -0.565771, 0, -61.4765)
cast_shadow = 0
mesh = SubResource("PlaneMesh_cseso")

[node name="Left Road" type="Node3D" parent="Moving Objects"]
transform = Transform3D(0.9996, 0, 0, 0, 0.9996, 0, 0, 0, 0.9996, -8.59402, 0.679844, 0)

[node name="Path" type="MeshInstance3D" parent="Moving Objects/Left Road"]
transform = Transform3D(3.47238, 0, 0.338131, 0, 1, 0, -0.183864, 0, 6.38581, 0.866125, 0, 0.114968)
cast_shadow = 0
mesh = SubResource("PlaneMesh_cseso")

[node name="Path2" type="MeshInstance3D" parent="Moving Objects/Left Road"]
transform = Transform3D(3.47706, 0, -0.0650672, 0, 1, 0, 0.0353812, 0, 6.39443, 0.632324, 0, -12.4165)
cast_shadow = 0
mesh = SubResource("PlaneMesh_cseso")

[node name="Path3" type="MeshInstance3D" parent="Moving Objects/Left Road"]
transform = Transform3D(3.47272, 0, 0.326205, 0, 1, 0, -0.177379, 0, 6.38644, 0.535403, 0, -23.8675)
cast_shadow = 0
mesh = SubResource("PlaneMesh_cseso")

[node name="Path4" type="MeshInstance3D" parent="Moving Objects/Left Road"]
transform = Transform3D(3.47238, 0, 0.338131, 0, 1, 0, -0.183864, 0, 6.38581, -0.061133, 0, -36.2367)
cast_shadow = 0
mesh = SubResource("PlaneMesh_cseso")

[node name="Path5" type="MeshInstance3D" parent="Moving Objects/Left Road"]
transform = Transform3D(3.47706, 0, -0.0650672, 0, 1, 0, 0.0353812, 0, 6.39443, -0.294934, 0, -48.7681)
cast_shadow = 0
mesh = SubResource("PlaneMesh_cseso")

[node name="Path6" type="MeshInstance3D" parent="Moving Objects/Left Road"]
transform = Transform3D(3.45792, 0, 0.353424, 0, 1, 0, -0.176623, 0, 6.91933, -0.565771, 0, -61.4765)
cast_shadow = 0
mesh = SubResource("PlaneMesh_cseso")

[node name="Trigger-Next_Level" type="Area3D" parent="Moving Objects"]
transform = Transform3D(1, 0, 0, 0, 1, 0, 0, 0, 1, 0.780764, 3.13761, -61.5347)
collision_mask = 3
script = ExtResource("3_pnof4")

[node name="CollisionShape3D" type="CollisionShape3D" parent="Moving Objects/Trigger-Next_Level"]
shape = SubResource("BoxShape3D_nn1l4")

[node name="Car" type="Node3D" parent="."]
transform = Transform3D(1, 0, 0, 0, 1, 0, 0, 0, 1, 0.789065, 0, 1.26629)

[node name="Floor" type="MeshInstance3D" parent="Car"]
transform = Transform3D(3.69393, 0, 0, 0, 0.22169, 0, 0, 0, 7.45375, 0.00380027, -0.217761, 0.0243634)
mesh = SubResource("BoxMesh_s3231")

[node name="RightDoor" type="MeshInstance3D" parent="Car"]
transform = Transform3D(-0.0371251, -0.202266, 0, 1.33494, -0.00562507, 0, 0, 0, 4.75866, 1.79397, 0.529777, 0.0243634)
mesh = SubResource("BoxMesh_s3231")

[node name="StaticBody3D" type="StaticBody3D" parent="Car/RightDoor"]

[node name="CollisionShape3D" type="CollisionShape3D" parent="Car/RightDoor/StaticBody3D"]
transform = Transform3D(1, 6.98492e-10, 0, -2.98023e-08, 1, 0, 0, 0, 1, 0, 0, 0)
shape = SubResource("BoxShape3D_rk2dt")

[node name="RightDoor2" type="MeshInstance3D" parent="Car"]
transform = Transform3D(-0.0300563, -0.203303, 0, 1.06801, -0.00558725, -0.208445, 0.16549, -0.000865751, 1.34523, 1.79397, 0.420118, 2.95716)
mesh = SubResource("BoxMesh_s3231")

[node name="RightDoor3" type="MeshInstance3D" parent="Car"]
transform = Transform3D(-0.0305145, -0.203165, 0, 1.08171, -0.00557012, 0.23189, -0.183948, 0.000947216, 1.36363, 1.79397, 0.406496, -2.98109)
mesh = SubResource("BoxMesh_s3231")

[node name="LeftDoor" type="MeshInstance3D" parent="Car"]
transform = Transform3D(0.0722058, -0.200314, 0, 1.33367, 0.0108451, 0, 0, 0, 4.75866, -1.83129, 0.529777, 0.0243634)
mesh = SubResource("BoxMesh_s3231")

[node name="StaticBody3D" type="StaticBody3D" parent="Car/LeftDoor"]

[node name="CollisionShape3D" type="CollisionShape3D" parent="Car/LeftDoor/StaticBody3D"]
shape = SubResource("BoxShape3D_3xecl")

[node name="LeftDoor2" type="MeshInstance3D" parent="Car"]
transform = Transform3D(0.0689487, -0.202948, -0.0192977, 1.06621, 0.0132584, -0.20755, 0.16549, -0.000865751, 1.34523, -1.83818, 0.420118, 2.95716)
mesh = SubResource("BoxMesh_s3231")

[node name="LeftDoor3" type="MeshInstance3D" parent="Car"]
transform = Transform3D(0.0279521, -0.20317, 0.0125242, 1.08178, 0.00541079, 0.231551, -0.183948, 0.000947216, 1.36363, -1.7948, 0.406496, -2.98109)
mesh = SubResource("BoxMesh_s3231")

[node name="Backplate" type="MeshInstance3D" parent="Car"]
transform = Transform3D(3.69393, 0, 0, 0, 0.0313335, -1.1014, 0, 0.243921, 0.141484, 0.00380027, 0.268446, 3.71478)
mesh = SubResource("BoxMesh_s3231")

[node name="Boot" type="MeshInstance3D" parent="Car"]
transform = Transform3D(3.69393, 0, 0, 0, 0.236009, -0.437126, 0, 0.0802474, 1.28559, 0.00380027, 1.01658, 3.04782)
mesh = SubResource("BoxMesh_s3231")

[node name="StaticBody3D" type="StaticBody3D" parent="Car/Boot"]

[node name="CollisionShape3D" type="CollisionShape3D" parent="Car/Boot/StaticBody3D"]
shape = SubResource("BoxShape3D_61ei0")

[node name="Grill" type="MeshInstance3D" parent="Car"]
transform = Transform3D(-3.69393, 2.13242e-08, 1.23689e-08, 0, 0.0313335, -1.1014, -3.22934e-07, -0.243921, -0.141484, 0.00380027, 0.268446, -3.66666)
mesh = SubResource("BoxMesh_s3231")

[node name="Hood" type="MeshInstance3D" parent="Car"]
transform = Transform3D(-3.69393, 7.01545e-09, 1.1239e-07, 3.57058e-08, 0.243434, -0.292301, -3.20954e-07, -0.0536606, -1.32604, 0.00380027, 0.895087, -2.9997)
mesh = SubResource("BoxMesh_s3231")

[node name="StaticBody3D" type="StaticBody3D" parent="Car/Hood"]

[node name="CollisionShape3D" type="CollisionShape3D" parent="Car/Hood/StaticBody3D"]
transform = Transform3D(1, 0, 0, 0, 1, 0, -1.42109e-14, 0, 1, 0, 0, 0)
shape = SubResource("BoxShape3D_cvca6")

[node name="Roof" type="MeshInstance3D" parent="Car"]
transform = Transform3D(3.14001, 0, 0, 0, 0.22169, 0, 0, 0, 3.0454, 0.00380027, 2.38664, 0.592889)
mesh = SubResource("BoxMesh_s3231")

[node name="FrontBar" type="MeshInstance3D" parent="Car"]
transform = Transform3D(0.438012, 0.0133918, -0.118073, 0.00107688, 0.225492, 1.28334, 0.0326859, -0.186887, 1.53998, 1.5359, 1.71489, -1.60196)
mesh = SubResource("BoxMesh_s3231")

[node name="FrontBar2" type="MeshInstance3D" parent="Car"]
transform = Transform3D(0.4379, -0.0139927, 0.123372, -0.00112521, 0.225493, 1.28333, -0.0341528, -0.186841, 1.53957, -1.58459, 1.71489, -1.60196)
mesh = SubResource("BoxMesh_s3231")

[node name="BackBar" type="MeshInstance3D" parent="Car"]
transform = Transform3D(-0.408594, -0.0128821, 0.0945174, 0.0150077, 0.110984, 1.23748, -0.031945, 0.216909, -0.627561, -1.50121, 1.75171, 2.34686)
mesh = SubResource("BoxMesh_s3231")

[node name="BackBar2" type="MeshInstance3D" parent="Car"]
transform = Transform3D(-0.419372, 0.00995845, -0.0722091, -0.0118285, 0.11146, 1.22999, 0.0251778, 0.218236, -0.624901, 1.45252, 1.74159, 2.37973)
mesh = SubResource("BoxMesh_s3231")

[node name="WorldEnvironment" type="WorldEnvironment" parent="."]
environment = SubResource("Environment_fkhxg")

[node name="DirectionalLight3D" type="DirectionalLight3D" parent="WorldEnvironment"]
transform = Transform3D(-0.869437, -0.322562, 0.37421, -0.169504, 0.906227, 0.387326, -0.464056, 0.273326, -0.842583, 16.2329, 14.2889, 23.097)
light_color = Color(0.141854, 0.353491, 0.468517, 1)
light_energy = 3.0
shadow_enabled = true

[node name="LeftHeadlight" type="SpotLight3D" parent="WorldEnvironment"]
transform = Transform3D(0.998644, -1.86709e-09, 0.0520571, -0.000814954, 0.999878, 0.0156338, -0.0520507, -0.015655, 0.998522, -0.457657, 0.594178, -2.50918)
light_color = Color(1, 0.682353, 0.121569, 1)
light_energy = 16.0
light_specular = 6.0
light_bake_mode = 1
distance_fade_enabled = true
spot_range = 14.397
spot_angle = 39.7145

[node name="RightHeadlight" type="SpotLight3D" parent="WorldEnvironment"]
transform = Transform3D(0.999508, 7.35919e-09, -0.0313759, 0.000491186, 0.999877, 0.0156474, 0.031372, -0.0156551, 0.999385, 1.92592, 0.594178, -2.50918)
light_color = Color(1, 0.682353, 0.121569, 1)
light_energy = 16.0
light_specular = 6.0
light_bake_mode = 1
distance_fade_enabled = true
spot_range = 14.397
spot_angle = 39.7145
